0100000000000000
0011111111111111
0011111111111110
0011111111111101
0011111111111011
0011111111111000
0011111111110100
0011111111110000
0011111111101100
0011111111100110
0011111111100001
0011111111011010
0011111111010011
0011111111001011
0011111111000011
0011111110111010
0011111110110000
0011111110100110
0011111110011011
0011111110010000
0011111110000100
0011111101110111
0011111101101010
0011111101011100
0011111101001110
0011111100111111
0011111100101111
0011111100011111
0011111100001110
0011111011111100
0011111011101010
0011111011010111
0011111011000100
0011111010110000
0011111010011100
0011111010000110
0011111001110001
0011111001011010
0011111001000011
0011111000101100
0011111000010100
0011110111111011
0011110111100001
0011110111000111
0011110110101101
0011110110010010
0011110101110110
0011110101011010
0011110100111101
0011110100011111
0011110100000001
0011110011100010
0011110011000011
0011110010100011
0011110010000011
0011110001100010
0011110001000000
0011110000011110
0011101111111011
0011101111010111
0011101110110100
0011101110001111
0011101101101010
0011101101000100
0011101100011110
0011101011110111
0011101011010000
0011101010101000
0011101001111111
0011101001010110
0011101000101100
0011101000000010
0011100111010111
0011100110101100
0011100110000000
0011100101010100
0011100100100111
0011100011111001
0011100011001011
0011100010011100
0011100001101101
0011100000111101
0011100000001101
0011011111011100
0011011110101011
0011011101111001
0011011101000111
0011011100010100
0011011011100000
0011011010101100
0011011001110111
0011011001000010
0011011000001101
0011010111010111
0011010110100000
0011010101101001
0011010100110001
0011010011111001
0011010011000000
0011010010000111
0011010001001101
0011010000010011
0011001111011000
0011001110011101
0011001101100001
0011001100100101
0011001011101000
0011001010101011
0011001001101101
0011001000101111
0011000111110000
0011000110110001
0011000101110010
0011000100110001
0011000011110001
0011000010110000
0011000001101110
0011000000101100
0010111111101010
0010111110100111
0010111101100011
0010111100011111
0010111011011011
0010111010010110
0010111001010001
0010111000001011
0010110111000101
0010110101111111
0010110100111000
0010110011110000
0010110010101001
0010110001100000
0010110000011000
0010101111001110
0010101110000101
0010101100111011
0010101011110000
0010101010100110
0010101001011010
0010101000001111
0010100111000011
0010100101110110
0010100100101001
0010100011011100
0010100010001110
0010100001000000
0010011111110010
0010011110100011
0010011101010100
0010011100000100
0010011010110100
0010011001100100
0010011000010011
0010010111000010
0010010101110001
0010010100011111
0010010011001101
0010010001111010
0010010000101000
0010001111010100
0010001110000001
0010001100101101
0010001011011001
0010001010000100
0010001000101111
0010000111011010
0010000110000100
0010000100101111
0010000011011000
0010000010000010
0010000000101011
0001111111010100
0001111101111100
0001111100100101
0001111011001101
0001111001110100
0001111000011100
0001110111000011
0001110101101001
0001110100010000
0001110010110110
0001110001011100
0001110000000010
0001101110100111
0001101101001100
0001101011110001
0001101010010110
0001101000111010
0001100111011110
0001100110000010
0001100100100110
0001100011001001
0001100001101100
0001100000001111
0001011110110001
0001011101010100
0001011011110110
0001011010011000
0001011000111010
0001010111011011
0001010101111101
0001010100011110
0001010010111111
0001010001011111
0001010000000000
0001001110100000
0001001101000000
0001001011100000
0001001010000000
0001001000100000
0001000110111111
0001000101011110
0001000011111101
0001000010011100
0001000000111011
0000111111011001
0000111101111000
0000111100010110
0000111010110100
0000111001010010
0000110111110000
0000110110001110
0000110100101011
0000110011001001
0000110001100110
0000110000000011
0000101110100001
0000101100111110
0000101011011010
0000101001110111
0000101000010100
0000100110110000
0000100101001101
0000100011101001
0000100010000110
0000100000100010
0000011110111110
0000011101011010
0000011011110110
0000011010010010
0000011000101110
0000010111001010
0000010101100110
0000010100000001
0000010010011101
0000010000111000
0000001111010100
0000001101110000
0000001100001011
0000001010100111
0000001001000010
0000000111011101
0000000101111001
0000000100010100
0000000010110000
0000000001001011
1111111111100110
1111111110000010
1111111100011101
1111111010111000
1111111001010100
1111110111101111
1111110110001011
1111110100100110
1111110011000010
1111110001011101
1111101111111001
1111101110010100
1111101100110000
1111101011001100
1111101001100111
1111101000000011
1111100110011111
1111100100111011
1111100011010111
1111100001110011
1111100000001111
1111011110101011
1111011101000111
1111011011100100
1111011010000000
1111011000011101
1111010110111001
1111010101010110
1111010011110011
1111010010010000
1111010000101101
1111001111001010
1111001101100111
1111001100000101
1111001010100010
1111001001000000
1111000111011110
1111000101111100
1111000100011010
1111000010111000
1111000001010110
1110111111110101
1110111110010011
1110111100110010
1110111011010001
1110111001110000
1110111000010000
1110110110101111
1110110101001111
1110110011101111
1110110010001111
1110110000101111
1110101111001111
1110101101110000
1110101100010001
1110101010110010
1110101001010011
1110100111110100
1110100110010110
1110100100111000
1110100011011010
1110100001111100
1110100000011111
1110011111000010
1110011101100101
1110011100001000
1110011010101011
1110011001001111
1110010111110011
1110010110010111
1110010100111100
1110010011100000
1110010010000101
1110010000101011
1110001111010000
1110001101110110
1110001100011100
1110001011000010
1110001001101001
1110001000010000
1110000110110111
1110000101011111
1110000100000110
1110000010101110
1110000001010111
1110000000000000
1101111110101001
1101111101010010
1101111011111011
1101111010100101
1101111001010000
1101110111111010
1101110110100101
1101110101010000
1101110011111100
1101110010101000
1101110001010100
1101110000000001
1101101110101110
1101101101011011
1101101100001001
1101101010110111
1101101001100101
1101101000010100
1101100111000011
1101100101110011
1101100100100011
1101100011010011
1101100010000011
1101100000110100
1101011111100110
1101011110011000
1101011101001010
1101011011111100
1101011010101111
1101011001100011
1101011000010110
1101010111001010
1101010101111111
1101010100110100
1101010011101001
1101010010011111
1101010001010101
1101010000001100
1101001111000011
1101001101111011
1101001100110010
1101001011101011
1101001010100100
1101001001011101
1101001000010111
1101000111010001
1101000110001011
1101000101000110
1101000100000010
1101000010111110
1101000001111010
1101000000110111
1100111111110100
1100111110110010
1100111101110000
1100111100101111
1100111011101110
1100111010101101
1100111001101110
1100111000101110
1100110111101111
1100110110110001
1100110101110011
1100110100110101
1100110011111000
1100110010111100
1100110010000000
1100110001000100
1100110000001001
1100101111001111
1100101110010101
1100101101011011
1100101100100010
1100101011101010
1100101010110010
1100101001111011
1100101001000100
1100101000001101
1100100111010111
1100100110100010
1100100101101101
1100100100111001
1100100100000101
1100100011010010
1100100010011111
1100100001101101
1100100000111011
1100100000001010
1100011111011010
1100011110101010
1100011101111010
1100011101001011
1100011100011101
1100011011101111
1100011011000010
1100011010010101
1100011001101001
1100011000111101
1100011000010010
1100010111101000
1100010110111110
1100010110010100
1100010101101011
1100010101000011
1100010100011100
1100010011110100
1100010011001110
1100010010101000
1100010010000010
1100010001011110
1100010000111001
1100010000010110
1100001111110011
1100001111010000
1100001110101110
1100001110001101
1100001101101100
1100001101001100
1100001100101100
1100001100001101
1100001011101111
1100001011010001
1100001010110100
1100001010010111
1100001001111011
1100001001100000
1100001001000101
1100001000101011
1100001000010001
1100000111111000
1100000111011111
1100000111000111
1100000110110000
1100000110011001
1100000110000011
1100000101101110
1100000101011001
1100000101000101
1100000100110001
1100000100011110
1100000100001100
1100000011111010
1100000011101001
1100000011011000
1100000011001000
1100000010111001
1100000010101010
1100000010011100
1100000010001110
1100000010000001
1100000001110101
1100000001101001
1100000001011110
1100000001010100
1100000001001010
1100000001000000
1100000000111000
1100000000110000
1100000000101000
1100000000100010
1100000000011011
1100000000010110
1100000000010001
1100000000001101
1100000000001001
1100000000000110
1100000000000011
1100000000000001
1100000000000000
1100000000000000
1100000000000000
1100000000000000
1100000000000001
1100000000000011
1100000000000110
1100000000001001
1100000000001101
1100000000010001
1100000000010110
1100000000011011
1100000000100010
1100000000101000
1100000000110000
1100000000111000
1100000001000000
1100000001001010
1100000001010100
1100000001011110
1100000001101001
1100000001110101
1100000010000001
1100000010001110
1100000010011100
1100000010101010
1100000010111001
1100000011001000
1100000011011000
1100000011101001
1100000011111010
1100000100001100
1100000100011110
1100000100110001
1100000101000101
1100000101011001
1100000101101110
1100000110000011
1100000110011001
1100000110110000
1100000111000111
1100000111011111
1100000111111000
1100001000010001
1100001000101011
1100001001000101
1100001001100000
1100001001111011
1100001010010111
1100001010110100
1100001011010001
1100001011101111
1100001100001101
1100001100101100
1100001101001100
1100001101101100
1100001110001101
1100001110101110
1100001111010000
1100001111110011
1100010000010110
1100010000111001
1100010001011110
1100010010000010
1100010010101000
1100010011001110
1100010011110100
1100010100011100
1100010101000011
1100010101101011
1100010110010100
1100010110111110
1100010111101000
1100011000010010
1100011000111101
1100011001101001
1100011010010101
1100011011000010
1100011011101111
1100011100011101
1100011101001011
1100011101111010
1100011110101010
1100011111011010
1100100000001010
1100100000111011
1100100001101101
1100100010011111
1100100011010010
1100100100000101
1100100100111001
1100100101101101
1100100110100010
1100100111010111
1100101000001101
1100101001000100
1100101001111011
1100101010110010
1100101011101010
1100101100100010
1100101101011011
1100101110010101
1100101111001111
1100110000001001
1100110001000100
1100110010000000
1100110010111100
1100110011111000
1100110100110101
1100110101110011
1100110110110001
1100110111101111
1100111000101110
1100111001101110
1100111010101101
1100111011101110
1100111100101111
1100111101110000
1100111110110010
1100111111110100
1101000000110111
1101000001111010
1101000010111110
1101000100000010
1101000101000110
1101000110001011
1101000111010001
1101001000010111
1101001001011101
1101001010100100
1101001011101011
1101001100110010
1101001101111011
1101001111000011
1101010000001100
1101010001010101
1101010010011111
1101010011101001
1101010100110100
1101010101111111
1101010111001010
1101011000010110
1101011001100011
1101011010101111
1101011011111100
1101011101001010
1101011110011000
1101011111100110
1101100000110100
1101100010000011
1101100011010011
1101100100100011
1101100101110011
1101100111000011
1101101000010100
1101101001100101
1101101010110111
1101101100001001
1101101101011011
1101101110101110
1101110000000001
1101110001010100
1101110010101000
1101110011111100
1101110101010000
1101110110100101
1101110111111010
1101111001010000
1101111010100101
1101111011111011
1101111101010010
1101111110101001
1101111111111111
1110000001010111
1110000010101110
1110000100000110
1110000101011111
1110000110110111
1110001000010000
1110001001101001
1110001011000010
1110001100011100
1110001101110110
1110001111010000
1110010000101011
1110010010000101
1110010011100000
1110010100111100
1110010110010111
1110010111110011
1110011001001111
1110011010101011
1110011100001000
1110011101100101
1110011111000010
1110100000011111
1110100001111100
1110100011011010
1110100100111000
1110100110010110
1110100111110100
1110101001010011
1110101010110010
1110101100010001
1110101101110000
1110101111001111
1110110000101111
1110110010001111
1110110011101111
1110110101001111
1110110110101111
1110111000010000
1110111001110000
1110111011010001
1110111100110010
1110111110010011
1110111111110101
1111000001010110
1111000010111000
1111000100011010
1111000101111100
1111000111011110
1111001001000000
1111001010100010
1111001100000101
1111001101100111
1111001111001010
1111010000101101
1111010010010000
1111010011110011
1111010101010110
1111010110111001
1111011000011101
1111011010000000
1111011011100100
1111011101000111
1111011110101011
1111100000001111
1111100001110011
1111100011010111
1111100100111011
1111100110011111
1111101000000011
1111101001100111
1111101011001100
1111101100110000
1111101110010100
1111101111111001
1111110001011101
1111110011000010
1111110100100110
1111110110001011
1111110111101111
1111111001010100
1111111010111000
1111111100011101
1111111110000010
1111111111100110
0000000001001011
0000000010110000
0000000100010100
0000000101111001
0000000111011101
0000001001000010
0000001010100111
0000001100001011
0000001101110000
0000001111010100
0000010000111000
0000010010011101
0000010100000001
0000010101100110
0000010111001010
0000011000101110
0000011010010010
0000011011110110
0000011101011010
0000011110111110
0000100000100010
0000100010000110
0000100011101001
0000100101001101
0000100110110000
0000101000010100
0000101001110111
0000101011011010
0000101100111110
0000101110100001
0000110000000011
0000110001100110
0000110011001001
0000110100101011
0000110110001110
0000110111110000
0000111001010010
0000111010110100
0000111100010110
0000111101111000
0000111111011001
0001000000111011
0001000010011100
0001000011111101
0001000101011110
0001000110111111
0001001000100000
0001001010000000
0001001011100000
0001001101000000
0001001110100000
0001010000000000
0001010001011111
0001010010111111
0001010100011110
0001010101111101
0001010111011011
0001011000111010
0001011010011000
0001011011110110
0001011101010100
0001011110110001
0001100000001111
0001100001101100
0001100011001001
0001100100100110
0001100110000010
0001100111011110
0001101000111010
0001101010010110
0001101011110001
0001101101001100
0001101110100111
0001110000000010
0001110001011100
0001110010110110
0001110100010000
0001110101101001
0001110111000011
0001111000011100
0001111001110100
0001111011001101
0001111100100101
0001111101111100
0001111111010100
0010000000101011
0010000010000010
0010000011011000
0010000100101111
0010000110000100
0010000111011010
0010001000101111
0010001010000100
0010001011011001
0010001100101101
0010001110000001
0010001111010100
0010010000101000
0010010001111010
0010010011001101
0010010100011111
0010010101110001
0010010111000010
0010011000010011
0010011001100100
0010011010110100
0010011100000100
0010011101010100
0010011110100011
0010011111110010
0010100001000000
0010100010001110
0010100011011100
0010100100101001
0010100101110110
0010100111000011
0010101000001111
0010101001011010
0010101010100110
0010101011110000
0010101100111011
0010101110000101
0010101111001110
0010110000011000
0010110001100000
0010110010101001
0010110011110000
0010110100111000
0010110101111111
0010110111000101
0010111000001011
0010111001010001
0010111010010110
0010111011011011
0010111100011111
0010111101100011
0010111110100111
0010111111101010
0011000000101100
0011000001101110
0011000010110000
0011000011110001
0011000100110001
0011000101110010
0011000110110001
0011000111110000
0011001000101111
0011001001101101
0011001010101011
0011001011101000
0011001100100101
0011001101100001
0011001110011101
0011001111011000
0011010000010011
0011010001001101
0011010010000111
0011010011000000
0011010011111001
0011010100110001
0011010101101001
0011010110100000
0011010111010111
0011011000001101
0011011001000010
0011011001110111
0011011010101100
0011011011100000
0011011100010100
0011011101000111
0011011101111001
0011011110101011
0011011111011100
0011100000001101
0011100000111101
0011100001101101
0011100010011100
0011100011001011
0011100011111001
0011100100100111
0011100101010100
0011100110000000
0011100110101100
0011100111010111
0011101000000010
0011101000101100
0011101001010110
0011101001111111
0011101010101000
0011101011010000
0011101011110111
0011101100011110
0011101101000100
0011101101101010
0011101110001111
0011101110110100
0011101111010111
0011101111111011
0011110000011110
0011110001000000
0011110001100010
0011110010000011
0011110010100011
0011110011000011
0011110011100010
0011110100000001
0011110100011111
0011110100111101
0011110101011010
0011110101110110
0011110110010010
0011110110101101
0011110111000111
0011110111100001
0011110111111011
0011111000010100
0011111000101100
0011111001000011
0011111001011010
0011111001110001
0011111010000110
0011111010011100
0011111010110000
0011111011000100
0011111011010111
0011111011101010
0011111011111100
0011111100001110
0011111100011111
0011111100101111
0011111100111111
0011111101001110
0011111101011100
0011111101101010
0011111101110111
0011111110000100
0011111110010000
0011111110011011
0011111110100110
0011111110110000
0011111110111010
0011111111000011
0011111111001011
0011111111010011
0011111111011010
0011111111100001
0011111111100110
0011111111101100
0011111111110000
0011111111110100
0011111111111000
0011111111111011
0011111111111101
0011111111111110
0011111111111111
0100000000000000