0000000000000000
0000000001100100
0000000011001001
0000000100101101
0000000110010010
0000000111110111
0000001001011011
0000001011000000
0000001100100100
0000001110001001
0000001111101101
0000010001010010
0000010010110110
0000010100011010
0000010101111111
0000010111100011
0000011001000111
0000011010101011
0000011100001111
0000011101110011
0000011111010111
0000100000111011
0000100010011111
0000100100000010
0000100101100110
0000100111001001
0000101000101101
0000101010010000
0000101011110011
0000101101010110
0000101110111001
0000110000011100
0000110001111111
0000110011100010
0000110101000100
0000110110100110
0000111000001001
0000111001101011
0000111011001101
0000111100101111
0000111110010000
0000111111110010
0001000001010011
0001000010110100
0001000100010101
0001000101110110
0001000111010111
0001001000111000
0001001010011000
0001001011111000
0001001101011000
0001001110111000
0001010000011000
0001010001110111
0001010011010110
0001010100110101
0001010110010100
0001010111110011
0001011001010001
0001011010110000
0001011100001110
0001011101101011
0001011111001001
0001100000100110
0001100010000011
0001100011100000
0001100100111101
0001100110011001
0001100111110101
0001101001010001
0001101010101101
0001101100001000
0001101101100011
0001101110111110
0001110000011000
0001110001110011
0001110011001101
0001110100100110
0001110110000000
0001110111011001
0001111000110010
0001111010001010
0001111011100011
0001111100111011
0001111110010010
0001111111101010
0010000001000001
0010000010011000
0010000011101110
0010000101000100
0010000110011010
0010000111101111
0010001001000101
0010001010011001
0010001011101110
0010001101000010
0010001110010110
0010001111101001
0010010000111100
0010010010001111
0010010011100010
0010010100110100
0010010110000101
0010010111010111
0010011000101000
0010011001111000
0010011011001000
0010011100011000
0010011101101000
0010011110110111
0010100000000110
0010100001010100
0010100010100010
0010100011101111
0010100100111101
0010100110001001
0010100111010110
0010101000100010
0010101001101101
0010101010111000
0010101100000011
0010101101001101
0010101110010111
0010101111100001
0010110000101010
0010110001110010
0010110010111011
0010110100000010
0010110101001010
0010110110010001
0010110111010111
0010111000011101
0010111001100011
0010111010101000
0010111011101100
0010111100110000
0010111101110100
0010111110111000
0010111111111010
0011000000111101
0011000001111111
0011000011000000
0011000100000001
0011000101000001
0011000110000001
0011000111000001
0011001000000000
0011001000111111
0011001001111101
0011001010111010
0011001011110111
0011001100110100
0011001101110000
0011001110101100
0011001111100111
0011010000100010
0011010001011100
0011010010010101
0011010011001110
0011010100000111
0011010100111111
0011010101110111
0011010110101110
0011010111100100
0011011000011010
0011011001010000
0011011010000101
0011011010111001
0011011011101101
0011011100100000
0011011101010011
0011011110000110
0011011110110111
0011011111101001
0011100000011001
0011100001001001
0011100001111001
0011100010101000
0011100011010111
0011100100000101
0011100100110010
0011100101011111
0011100110001011
0011100110110111
0011100111100010
0011101000001101
0011101000110111
0011101001100000
0011101010001001
0011101010110010
0011101011011010
0011101100000001
0011101100101000
0011101101001110
0011101101110011
0011101110011000
0011101110111101
0011101111100000
0011110000000100
0011110000100110
0011110001001000
0011110001101010
0011110010001011
0011110010101011
0011110011001011
0011110011101010
0011110100001001
0011110100100111
0011110101000100
0011110101100001
0011110101111101
0011110110011001
0011110110110100
0011110111001110
0011110111101000
0011111000000001
0011111000011010
0011111000110010
0011111001001001
0011111001100000
0011111001110110
0011111010001100
0011111010100001
0011111010110101
0011111011001001
0011111011011100
0011111011101111
0011111100000001
0011111100010010
0011111100100011
0011111100110011
0011111101000011
0011111101010001
0011111101100000
0011111101101110
0011111101111011
0011111110000111
0011111110010011
0011111110011110
0011111110101001
0011111110110011
0011111110111100
0011111111000101
0011111111001101
0011111111010101
0011111111011100
0011111111100010
0011111111101000
0011111111101101
0011111111110001
0011111111110101
0011111111111001
0011111111111011
0011111111111101
0011111111111111
0011111111111111
0011111111111111
0011111111111111
0011111111111110
0011111111111100
0011111111111010
0011111111110111
0011111111110011
0011111111101111
0011111111101010
0011111111100101
0011111111011111
0011111111011000
0011111111010001
0011111111001001
0011111111000001
0011111110111000
0011111110101110
0011111110100100
0011111110011001
0011111110001101
0011111110000001
0011111101110100
0011111101100111
0011111101011001
0011111101001010
0011111100111011
0011111100101011
0011111100011011
0011111100001001
0011111011111000
0011111011100110
0011111011010011
0011111010111111
0011111010101011
0011111010010110
0011111010000001
0011111001101011
0011111001010101
0011111000111101
0011111000100110
0011111000001101
0011110111110100
0011110111011011
0011110111000001
0011110110100110
0011110110001011
0011110101101111
0011110101010010
0011110100110101
0011110100011000
0011110011111001
0011110011011010
0011110010111011
0011110010011011
0011110001111010
0011110001011001
0011110000110111
0011110000010101
0011101111110010
0011101111001111
0011101110101010
0011101110000110
0011101101100001
0011101100111011
0011101100010100
0011101011101101
0011101011000110
0011101010011110
0011101001110101
0011101001001100
0011101000100010
0011100111111000
0011100111001101
0011100110100001
0011100101110101
0011100101001001
0011100100011011
0011100011101110
0011100010111111
0011100010010001
0011100001100001
0011100000110001
0011100000000001
0011011111010000
0011011110011111
0011011101101100
0011011100111010
0011011100000111
0011011011010011
0011011010011111
0011011001101010
0011011000110101
0011010111111111
0011010111001001
0011010110010010
0011010101011011
0011010100100011
0011010011101011
0011010010110010
0011010001111001
0011010000111111
0011010000000100
0011001111001001
0011001110001110
0011001101010010
0011001100010110
0011001011011001
0011001010011100
0011001001011110
0011001000011111
0011000111100001
0011000110100001
0011000101100010
0011000100100001
0011000011100001
0011000010011111
0011000001011110
0011000000011100
0010111111011001
0010111110010110
0010111101010010
0010111100001110
0010111011001010
0010111010000101
0010111001000000
0010110111111010
0010110110110100
0010110101101101
0010110100100110
0010110011011110
0010110010010111
0010110001001110
0010110000000101
0010101110111100
0010101101110010
0010101100101000
0010101011011110
0010101010010011
0010101001000111
0010100111111100
0010100110110000
0010100101100011
0010100100010110
0010100011001001
0010100001111011
0010100000101101
0010011111011110
0010011110001111
0010011101000000
0010011011110000
0010011010100000
0010011001010000
0010010111111111
0010010110101110
0010010101011101
0010010100001011
0010010010111000
0010010001100110
0010010000010011
0010001111000000
0010001101101100
0010001100011000
0010001011000100
0010001001101111
0010001000011010
0010000111000101
0010000101101111
0010000100011001
0010000011000011
0010000001101100
0010000000010101
0001111110111110
0001111101100111
0001111100001111
0001111010110111
0001111001011110
0001111000000101
0001110110101100
0001110101010011
0001110011111001
0001110010100000
0001110001000101
0001101111101011
0001101110010000
0001101100110101
0001101011011010
0001101001111111
0001101000100011
0001100111000111
0001100101101011
0001100100001110
0001100010110010
0001100001010101
0001011111110111
0001011110011010
0001011100111100
0001011011011111
0001011010000000
0001011000100010
0001010111000100
0001010101100101
0001010100000110
0001010010100111
0001010001000111
0001001111101000
0001001110001000
0001001100101000
0001001011001000
0001001001101000
0001001000000111
0001000110100111
0001000101000110
0001000011100101
0001000010000100
0001000000100011
0000111111000001
0000111101011111
0000111011111110
0000111010011100
0000111000111010
0000110111011000
0000110101110101
0000110100010011
0000110010110000
0000110001001110
0000101111101011
0000101110001000
0000101100100101
0000101011000010
0000101001011110
0000100111111011
0000100110011000
0000100100110100
0000100011010000
0000100001101101
0000100000001001
0000011110100101
0000011101000001
0000011011011101
0000011001111001
0000011000010101
0000010110110001
0000010101001100
0000010011101000
0000010010000100
0000010000011111
0000001110111011
0000001101010110
0000001011110010
0000001010001101
0000001000101001
0000000111000100
0000000101100000
0000000011111011
0000000010010110
0000000000110010
1111111111001101
1111111101101001
1111111100000100
1111111010011111
1111111000111011
1111110111010110
1111110101110010
1111110100001101
1111110010101001
1111110001000100
1111101111100000
1111101101111011
1111101100010111
1111101010110011
1111101001001110
1111100111101010
1111100110000110
1111100100100010
1111100010111110
1111100001011010
1111011111110110
1111011110010010
1111011100101111
1111011011001011
1111011001100111
1111011000000100
1111010110100001
1111010100111101
1111010011011010
1111010001110111
1111010000010100
1111001110110001
1111001101001111
1111001011101100
1111001010001010
1111001000100111
1111000111000101
1111000101100011
1111000100000001
1111000010100000
1111000000111110
1110111111011100
1110111101111011
1110111100011010
1110111010111001
1110111001011000
1110110111111000
1110110110010111
1110110100110111
1110110011010111
1110110001110111
1110110000010111
1110101110111000
1110101101011000
1110101011111001
1110101010011010
1110101000111011
1110100111011101
1110100101111111
1110100100100000
1110100011000011
1110100001100101
1110100000001000
1110011110101010
1110011101001101
1110011011110001
1110011010010100
1110011000111000
1110010111011100
1110010110000000
1110010100100101
1110010011001010
1110010001101111
1110010000010100
1110001110111010
1110001101011111
1110001100000110
1110001010101100
1110001001010011
1110000111111010
1110000110100001
1110000101001000
1110000011110000
1110000010011000
1110000001000001
1101111111101010
1101111110010011
1101111100111100
1101111011100110
1101111010010000
1101111000111010
1101110111100101
1101110110010000
1101110100111011
1101110011100111
1101110010010011
1101110000111111
1101101111101100
1101101110011001
1101101101000111
1101101011110100
1101101010100010
1101101001010001
1101101000000000
1101100110101111
1101100101011111
1101100100001111
1101100010111111
1101100001110000
1101100000100001
1101011111010010
1101011110000100
1101011100110110
1101011011101001
1101011010011100
1101011001001111
1101011000000011
1101010110111000
1101010101101100
1101010100100001
1101010011010111
1101010010001101
1101010001000011
1101001111111010
1101001110110001
1101001101101000
1101001100100001
1101001011011001
1101001010010010
1101001001001011
1101001000000101
1101000110111111
1101000101111010
1101000100110101
1101000011110001
1101000010101101
1101000001101001
1101000000100110
1100111111100011
1100111110100001
1100111101100000
1100111100011110
1100111011011110
1100111010011101
1100111001011110
1100111000011110
1100110111100000
1100110110100001
1100110101100011
1100110100100110
1100110011101001
1100110010101101
1100110001110001
1100110000110110
1100101111111011
1100101111000000
1100101110000110
1100101101001101
1100101100010100
1100101011011100
1100101010100100
1100101001101101
1100101000110110
1100101000000000
1100100111001010
1100100110010101
1100100101100000
1100100100101100
1100100011111000
1100100011000101
1100100010010011
1100100001100000
1100100000101111
1100011111111110
1100011111001110
1100011110011110
1100011101101110
1100011101000000
1100011100010001
1100011011100100
1100011010110110
1100011010001010
1100011001011110
1100011000110010
1100011000000111
1100010111011101
1100010110110011
1100010110001010
1100010101100001
1100010100111001
1100010100010010
1100010011101011
1100010011000100
1100010010011110
1100010001111001
1100010001010101
1100010000110000
1100010000001101
1100001111101010
1100001111001000
1100001110100110
1100001110000101
1100001101100100
1100001101000100
1100001100100101
1100001100000110
1100001011100111
1100001011001010
1100001010101101
1100001010010000
1100001001110100
1100001001011001
1100001000111110
1100001000100100
1100001000001011
1100000111110010
1100000111011001
1100000111000010
1100000110101010
1100000110010100
1100000101111110
1100000101101001
1100000101010100
1100000101000000
1100000100101100
1100000100011001
1100000100000111
1100000011110110
1100000011100100
1100000011010100
1100000011000100
1100000010110101
1100000010100110
1100000010011000
1100000010001011
1100000001111110
1100000001110010
1100000001100110
1100000001011011
1100000001010001
1100000001000111
1100000000111110
1100000000110110
1100000000101110
1100000000100111
1100000000100000
1100000000011010
1100000000010101
1100000000010000
1100000000001100
1100000000001000
1100000000000101
1100000000000011
1100000000000001
1100000000000000
1100000000000000
1100000000000000
1100000000000000
1100000000000010
1100000000000100
1100000000000110
1100000000001010
1100000000001110
1100000000010010
1100000000010111
1100000000011101
1100000000100011
1100000000101010
1100000000110010
1100000000111010
1100000001000011
1100000001001100
1100000001010110
1100000001100001
1100000001101100
1100000001111000
1100000010000100
1100000010010001
1100000010011111
1100000010101110
1100000010111100
1100000011001100
1100000011011100
1100000011101101
1100000011111110
1100000100010000
1100000100100011
1100000100110110
1100000101001010
1100000101011110
1100000101110011
1100000110001001
1100000110011111
1100000110110110
1100000111001101
1100000111100101
1100000111111110
1100001000010111
1100001000110001
1100001001001011
1100001001100110
1100001010000010
1100001010011110
1100001010111011
1100001011011000
1100001011110110
1100001100010101
1100001100110100
1100001101010100
1100001101110100
1100001110010101
1100001110110111
1100001111011001
1100001111111011
1100010000011111
1100010001000010
1100010001100111
1100010010001100
1100010010110001
1100010011010111
1100010011111110
1100010100100101
1100010101001101
1100010101110110
1100010110011111
1100010111001000
1100010111110010
1100011000011101
1100011001001000
1100011001110100
1100011010100000
1100011011001101
1100011011111010
1100011100101000
1100011101010111
1100011110000110
1100011110110110
1100011111100110
1100100000010110
1100100001001000
1100100001111001
1100100010101100
1100100011011111
1100100100010010
1100100101000110
1100100101111010
1100100110101111
1100100111100101
1100101000011011
1100101001010001
1100101010001000
1100101011000000
1100101011111000
1100101100110001
1100101101101010
1100101110100011
1100101111011101
1100110000011000
1100110001010011
1100110010001111
1100110011001011
1100110100001000
1100110101000101
1100110110000010
1100110111000000
1100110111111111
1100111000111110
1100111001111110
1100111010111110
1100111011111110
1100111100111111
1100111110000000
1100111111000010
1101000000000101
1101000001000111
1101000010001011
1101000011001111
1101000100010011
1101000101010111
1101000110011100
1101000111100010
1101001000101000
1101001001101110
1101001010110101
1101001011111101
1101001101000100
1101001110001101
1101001111010101
1101010000011110
1101010001101000
1101010010110010
1101010011111100
1101010101000111
1101010110010010
1101010111011101
1101011000101001
1101011001110110
1101011011000010
1101011100010000
1101011101011101
1101011110101011
1101011111111001
1101100001001000
1101100010010111
1101100011100111
1101100100110111
1101100110000111
1101100111010111
1101101000101000
1101101001111010
1101101011001011
1101101100011101
1101101101110000
1101101111000011
1101110000010110
1101110001101001
1101110010111101
1101110100010001
1101110101100110
1101110110111010
1101111000010000
1101111001100101
1101111010111011
1101111100010001
1101111101100111
1101111110111110
1110000000010101
1110000001101101
1110000011000100
1110000100011100
1110000101110101
1110000111001101
1110001000100110
1110001001111111
1110001011011001
1110001100110010
1110001110001100
1110001111100111
1110010001000001
1110010010011100
1110010011110111
1110010101010010
1110010110101110
1110011000001010
1110011001100110
1110011011000010
1110011100011111
1110011101111100
1110011111011001
1110100000110110
1110100010010100
1110100011110001
1110100101001111
1110100110101110
1110101000001100
1110101001101011
1110101011001010
1110101100101001
1110101110001000
1110101111100111
1110110001000111
1110110010100111
1110110100000111
1110110101100111
1110110111000111
1110111000101000
1110111010001001
1110111011101010
1110111101001011
1110111110101100
1111000000001101
1111000001101111
1111000011010000
1111000100110010
1111000110010100
1111000111110110
1111001001011001
1111001010111011
1111001100011101
1111001110000000
1111001111100011
1111010001000110
1111010010101001
1111010100001100
1111010101101111
1111010111010010
1111011000110110
1111011010011001
1111011011111101
1111011101100000
1111011111000100
1111100000101000
1111100010001100
1111100011110000
1111100101010100
1111100110111000
1111101000011100
1111101010000000
1111101011100101
1111101101001001
1111101110101101
1111110000010010
1111110001110110
1111110011011011
1111110100111111
1111110110100100
1111111000001000
1111111001101101
1111111011010010
1111111100110110
1111111110011011
1111111111111111